idx,ang,mag
2,219.97093137249695,0.0027078224886331937
3,83.03652902300179,0.012082533159015129
4,89.4459238986284,1.8934906355543593
10,134.7884420622707,1.3616775262018221
11,269.4602827774966,0.9589658859708147
12,89.67108108461787,0.9675147218879436
13,176.57612680067732,0.007153882730396814
14,332.850317360543,0.002675122924903702
15,269.5118916868652,0.9600568104520674
16,88.74412196140958,0.9217607282880268
17,182.0325090238777,0.9387619966867099
42,268.53233327685865,0.9126834517797461
43,333.7685953133162,2.1655861204701137
44,133.97017173932483,1.3531256608680582
45,70.7535607819469,3.0581273080118163
46,276.4529211667289,0.9900369936510732
51,0.25709472366162683,2.9516898716139943
52,271.43491778730396,0.9286359341536478
53,320.30092563808074,0.0546564627174875
55,286.1194351820487,5.172281235258701
56,61.32687519895381,2.1022129656421815
57,358.5676407089915,0.9962219324100895
58,317.8491984996534,1.369662509512792
61,39.95527134259186,1.3668983875854452
63,24.5199863844685,2.198312397525777
64,40.08947431449885,1.3973532384615124
66,13.454883561109206,4.057344024520433
67,16.810671613552362,3.1353290255081214
68,342.95154047313554,3.1269072434575538
69,356.7046002113299,1.0591243776760852
70,31.587019194140613,3.539749089039091
71,342.5061370071698,3.138825698838499
72,359.35991741302956,2.0379079294082407
73,346.73969572173974,4.043413304222732
74,359.4687760075259,3.00189904429182
75,346.54781863248115,4.0632601563233095
76,29.491701571888292,5.755596436179602
77,327.6165875788251,3.5703212412647862
78,306.990918927004,4.9297717388742255
79,24.7890514415374,4.407187374404817
80,12.456803385620875,4.127375323074463
81,332.0034746487517,4.14331418826729
82,15.546905617086997,7.1772798210029976
83,339.0296441441669,5.290278150307925
84,359.0859345663974,3.0741827048075296
85,0.09640614578317303,5.967110497696904
86,359.5854086112777,4.997750468127774
87,29.590800786556006,5.755485350760422
88,341.84521033703896,6.100572461854827
90,359.9421536538256,5.017702752611394
91,30.08100346328782,8.073926519257798
92,0.34412243274499055,2.027380316602996
93,307.65872018253447,3.9271055753943998
94,166.79119779571707,8.823901049202297
95,266.8527009674933,3.989843636948416
96,69.55333262023558,8.63857964629891
97,25.317699545559922,6.626863426236098
101,331.548660889657,2.269670624154857
102,18.490577130484507,6.301763796422941
103,14.510062410511551,3.975749890786966
104,207.03628795254198,4.404072826463799
105,188.02799443580156,0.058125788878142993
106,89.68684516122225,1.9319136217407091
108,18.216626780611758,3.145566519325893
109,359.9930359234475,3.0129394753807492
110,8.395835013640692,7.036901641127895
111,13.879491662373157,12.407118870058744
112,9.422162290215258,12.096668898164287
113,344.85325809091114,11.49004804047395
114,13.836359017764527,12.284251026779167
118,11.349257475852042,20.41363683666732
120,0.15670609734466037,23.019006994406368
122,8.43465439378846,28.29070876361326
124,1.3845481802618136,41.075621489057106
125,357.16370012757216,42.07421597754002
126,359.9588486738747,51.965528539895836
127,1.8516386707810693,61.04542497251517
128,324.450368011701,86.01871007173892
129,326.32248188206654,108.13891207212914
130,1.7589345408888961,132.46259118238993
131,295.8445795412038,279.8217971730276
2,26.56505088990245,0.00047767565437312404
3,348.23171127234133,0.0007481476240314491
4,89.82617419010134,0.9958541923318363
5,171.5504599490036,0.008515279307916877
6,173.54508009232242,0.008415163373698525
7,270.42501284681504,0.9997223290676597
8,89.84197924784075,0.9958839144062056
9,44.99037410060395,1.4129404103121996
10,179.92987262655865,0.9972846826337919
11,315.1205447564225,1.4154251294637072
12,90.0227948457385,0.9972534968822468
13,179.95619617561988,0.997833543623363
14,270.13673788270546,0.9974088463067167
15,44.97729428834337,1.4156378998600234
16,179.95789006253403,0.9966128179606636
17,89.85441702231934,0.9968904249834998
18,315.0235799758704,1.4157026461307887
19,341.4986448310052,3.1557463874721896
20,33.71065478069181,7.208758473441861
21,8.052505309726246,7.055312844612996
24,45.233252212395016,2.825278396156157
26,160.10649165502556,11.695270598655982
28,165.92742475252055,4.109539318901529
29,90.00959209007287,2.004241971472256
30,134.86713950188758,2.8288231565534074
31,113.0088675916893,0.004840668959691981
32,254.2841830078077,0.007323328599879084
33,359.7542099064254,0.9959503262242725
34,89.763206676143,1.004250519812937
35,44.66950888886968,1.4178840323564008
36,179.65695192770326,1.0041073535551106
38,179.81987926016475,2.0095008962125993
39,180.13845658589815,2.0079709507245402
41,346.0514628090808,4.129268594702177
43,359.9477355592237,1.0036625269408994
44,350.4708504803993,6.082340217394612
46,116.54048520393609,2.2283571324418916
47,140.11959595476242,7.816977029510789
48,153.349467471402,6.70587760768711
49,171.89793899283882,7.065272488127175
52,158.93227285367365,13.92323690125873
53,155.54459464799572,12.078176756460474
54,150.27025426902017,8.058230534049747
57,153.56565661901124,4.475027300962657
58,128.55840795424862,6.393340026986197
59,145.02794747725198,12.20022860948988
63,133.45941019319127,5.775016195955855
64,150.91548857953293,10.286466455657585
65,146.31358032434514,3.5908746143361125
68,143.21174553543224,4.99459125186869
69,125.51838637732432,8.599657961785901
73,143.1118335282533,9.989954121332646
74,125.57058268296156,8.599928509701318
78,123.66681771598225,3.58704915040273
79,144.47871830571293,8.605142410790082
80,134.65593639237244,2.810135483870509
84,150.92279688194486,10.28838957355241
85,153.19979070593035,6.717199865114291
86,180.31800859879945,2.9911349389973103
87,161.50006881176162,6.296958923963799
89,341.518421643747,3.1541915811024412
90,71.5592294058741,3.1352659112949683
91,134.88832674869295,2.8122480763088316
92,161.5436454186663,3.1506393704534057
93,120.93314378371136,5.817271777622737
94,269.76718366747275,0.9913717097231838
95,160.76932053284028,0.0027796136564296144
96,44.92293964292841,1.3958509372391679
97,180.00530887821793,0.9877319378367551
98,269.82684536987284,0.9895980250895084
99,222.3245735793483,0.0023114925071410033
100,115.70996152161922,0.001829019050753381
101,315.1158490013681,1.3980967679970764
102,179.7853185029645,0.985541585759875
103,315.00175410637763,1.4085598161876376
104,224.98577920452536,1.3915123010752
105,44.96266402314121,1.39086517794103
106,179.79250386197134,0.985968379237647
107,44.8086705781141,1.395835877945227
108,44.92731779418639,1.3949228920207806
109,359.85098204095834,3.989454411176166
110,341.4461821479903,3.14915009937514
113,0.12181283532982051,4.004830828308142
117,168.8265122061108,5.08441260042352
118,152.8213162636416,2.214822424259488
119,165.55567121637512,4.125586185045365
120,180.08191627994879,1.0032969237035851
121,225.30347862357934,1.4096153904854631
122,0.4056270589213389,1.0000860970656709
123,90.15752715730618,0.998996695573558
124,89.86773589120087,1.004732901602608
125,134.98246041583408,1.409207257207982
126,225.32194745509506,1.405560919361938
128,90.02629873278272,1.9942323878880077
129,129.80557317593627,0.001906799237281898
130,251.56505054827977,0.0007720404443770458
132,45.3570493911015,1.4059112948904773
133,90.00346541038736,1.0093078631735928
134,269.77085147905706,1.0072407214035202
135,0.08438511956565636,1.9891989347633403
136,33.514573709999084,3.5923642036645824
138,18.41286836074998,3.1553102294561968
139,14.09424390893576,4.109237132823853
143,89.65737289495365,1.0002620249428003
144,165.91349116661374,4.116838055032873
145,134.6961935273405,2.8162097372947636
146,90.05498552729676,2.9889234957513304
147,206.3288306186904,2.198118267354072
149,206.72768634546247,2.2309863073357157
150,134.97767928341506,2.8246078231455387
151,270.46172511360385,0.99975780491529
152,180.03715122012852,1.9766239507267467
153,134.94285897902634,1.4064673338608182
154,333.2805765895715,2.2085482281037314
155,134.9499760361415,1.408625090110774
156,311.8911459394758,0.006764240294983897
159,135.1107586892036,1.4176904602956815
160,135.08379310236037,4.2352435543730085
161,123.68493137766112,3.5864479216170726
162,198.70415384442177,3.150712531281781
164,269.8369882007903,0.9868204002544924
165,63.45648037083959,4.467577879852244
166,134.86200319963172,4.24666673405399
167,165.87976369249222,4.130223000772676
171,119.71045796000904,8.063356923475528
174,191.30368485984798,5.103203051590539
175,116.59803637788261,2.2045963411879663
176,71.72817413499436,3.1523504156682707
180,116.51578723989732,2.2060161705842525
181,111.69632379926628,5.38868172602498
182,116.49744135178666,2.209210495754629
185,153.0205665421092,2.219175355898332
186,123.63729763838946,3.6017270516064115
187,153.58984914905142,2.221199910266469
188,180.06523695799564,4.984866513036263
190,153.33874407440507,2.2270908147203294
191,180.15804556843776,7.003078401196994
192,134.97274788683433,1.4065099518967696
194,143.11922379293523,5.016278166536347
197,90.09991451165712,1.9949371155798485
198,103.96377101724647,4.125610666359384
199,270.0705396892697,0.9914863471591023
200,180.16125575734767,1.9842607888166133
201,333.3976272489253,2.2209602501086976
202,331.4341630135055,0.009381810337260835
203,180.03026638944516,0.9821778713930752
205,44.98769325135472,1.4064019293306043
206,225.13881642306868,1.3982706479877944
207,235.71312405078567,0.0016251863959587827
208,90.02459118549021,0.9954834901212068
209,179.96987021433824,0.9864503317371298
210,314.817127262923,1.3927709451325996
211,359.94737714438,0.9968265923044409
212,90.0596505464999,0.9965825714005199
213,270.0946297664724,0.9977735776960511
214,89.96471091703671,1.9820560399641471
215,180.00876495393797,0.9979858515087774
216,26.534077689563738,2.2216834409912596
217,199.38452264802507,0.0017469814186232557
218,89.97208069115115,1.0020142791259086
220,61.896383202138644,0.006607954215250489
221,21.62702048792187,5.364131185435362
223,13.94151746399969,4.118766515468783
224,333.3672653505173,2.2182726951090763
225,134.9814768685936,1.4018919201599147
226,180.06251854270596,1.9855968853384016
227,189.68330444153247,6.082757599284252
228,198.0830164413008,3.135971638313596
229,76.18718800255633,4.086469171320808
230,198.28945207877527,3.1428999278183025
231,136.14120200852673,0.0054174503499208534
232,179.5077805962302,0.9804438952605028
233,268.3153176763599,0.0020760926942987
234,63.37802881803283,2.1843709016950443
235,270.1250719196031,0.9786400268572593
237,90.43931344170421,0.9791242401864788
238,359.3678649784591,0.9847401081881503
240,179.64393358714523,0.9723088149504626
241,314.9955010681925,1.3742704925126703
243,63.494743090570005,2.1839888725735936
244,90.26021222128814,0.9810587017145038
245,135.12179627490232,1.3907169706090297
246,359.3990235544008,1.9755725419367713
247,179.74936438717356,0.9836519898442246
248,359.64284385877136,3.985123811741966
249,179.81843126006072,0.9823047367131887
250,314.9982399740496,1.4066608477820233
252,45.058249105480954,2.801756698273111
253,44.5739545423812,1.4074981888587683
256,71.72154885149945,3.1586415517908804
258,359.9047423265134,1.9824246148151576
259,33.663727965999236,3.5903671432317994
260,134.8724670494402,1.4056932661900916
261,224.86503512037788,1.4107216483507348
262,180.15779968162764,6.0056380121017865
264,180.09747545087808,1.9910307136627756
265,45.130731072953125,2.8183785601126163
266,0.18654373871322139,0.9841971108941523
267,180.27697282226603,0.9911614828503814
268,355.91438318285253,0.0017133384823752684
269,36.869897309578676,0.000152587890625
271,175.48601494876496,0.002326552557683828
272,180.15255409634506,0.9971348823801806
273,180.05794231596207,0.9957280483433949
274,89.68064334945588,0.9964754401792979
275,269.45244172032943,0.9963223531605642
276,89.54355462262455,0.9960032852082287
277,0.007928383036693635,1.9848633002531044
278,270.03858123414324,0.9970705385422707
279,333.5382505986521,2.2103316762659455
14,12.730259400552445,0.3215016908634769
33,347.8419217679188,1.7646789606855486
38,353.1349986364482,2.774223174712279
40,17.328125037525233,3.270119397133823
41,344.7368119032989,11.973870921320586
43,17.834503309758933,6.221520741746164
43,348.38998468465707,12.917520103256798
45,334.254477895398,20.612571051325965
45,51.497058190768215,4.95091220602244
46,358.9114273952501,24.272019747444524
46,51.8137535720142,5.069843811699762
47,352.89977631294306,12.920400250707042
48,33.002893503422165,10.736061026693394
48,341.3691615198147,15.870518023978512
49,355.6915008767435,19.43881469599321
50,358.55506142153104,23.96565894221147
51,0.6366995622580105,27.136135921836946
52,0.2993158048203251,20.01392971227719
53,18.3875129910036,6.323616563270991
53,60.452829551245614,3.8651331647471396
54,4.260673711801247,27.74726138292738
55,4.396349016361203,13.032242044280293
55,356.10700689716475,29.575536624715184
56,358.83250146446113,35.60434572314874
57,51.34302376460609,12.813831268106817
58,66.10385486294737,9.844916796966073
61,14.87588563491014,11.37867987646895
65,19.483164126332856,11.572400573434548
66,8.73704394381785,12.086295698995656
67,345.4660097292786,11.3487684305621
68,2.6218613876802475,13.860089952654038
69,8.289434326750234,12.135700160536098
70,9.666907604970678,15.164917401819674
71,336.51026056691603,15.015357745683284
72,9.30766185274281,13.014177890651434
73,8.524014612473383,13.102218431212222
74,347.7423973739753,14.590649977627676
75,21.285420529414733,15.073288987109938
76,354.67978209414315,16.074711839829238
77,0.28480677547592553,14.000844359887918
78,357.64860663293285,19.72728856522151
79,359.9998859794519,23.00280761723305
80,359.7625525556098,20.86185822522864
81,3.680105071029224,19.38746602672396
82,345.74151053209295,17.39195505159485
83,356.76069783564367,23.94063332552594
84,356.9831082183697,24.686129955604358
85,18.709462495268614,29.90698734573626
86,1.384453838273903,18.693826811168428
87,336.2630487000966,19.33800595910792
88,321.113226375692,16.815760941881187
89,8.084632812034695,15.586271478246426
90,281.472413527393,7.737102314994974
91,240.5834860611116,11.549436732334147
92,61.16724684786144,0.7708898287471979
93,85.43055130822627,9.989882707465792
94,70.77109387754633,8.251873174328015
95,322.1318671281294,10.507637196458072
96,50.464671682626204,10.079896377008005
97,60.29046912448524,16.338683683194716
98,286.6836566188159,23.548794981135938
99,255.20575311176086,20.56562025971931
100,227.23830729090386,15.161937390177517
101,2.4702444215974815,8.994075609351668
102,302.99971496097993,54.961845086519034
103,358.2854786574674,34.01707544318538
104,4.52832065084372,36.50311479849731
105,351.441772969974,51.109324875221276
38,355.6065734508299,2.8326644706254993
40,16.906254988344813,3.4416494494659657
43,33.333047772427655,6.926235411946188
44,324.2396976569412,18.605942558620317
46,351.9087478808859,13.659075727876482
47,17.674777628470892,6.205464156648107
47,7.434972538939761,13.039101907762047
48,350.87499448113624,22.070013346881108
48,26.020700180978068,6.648262254991803
49,329.4852214678084,26.04208616948994
50,332.19975891757224,26.7715819464516
51,351.72304955150526,25.883468924393657
52,357.2323753317991,28.144400432685195
53,21.414710887761196,24.542392727828584
54,43.95009530887599,6.949556867901152
54,8.684266218327515,31.732329183970258
55,345.9877849554488,21.319814436831464
56,358.7942922123053,30.303630235673086
57,26.51162344266732,13.435807338031829
57,3.9020281624466935,44.08169834594145
60,48.33735120901779,10.516238418056325
63,4.543062760393546,11.987676481863653
65,5.313915348800246,10.056434307477344
66,358.4609254065124,9.17958115379133
67,327.6351486178946,15.27749585792638
68,359.0513897107313,11.031449644088283
69,17.71157698017163,19.011848246736353
70,344.7830403311488,12.339876906223092
71,5.326795804914421,13.523245370663991
72,19.40816523415153,11.686836488596256
73,355.8066023708629,14.954279556191645
74,17.991659132371755,19.146886558962713
75,354.61397450215054,12.0837466018233
76,359.09736467453,22.002913469909053
77,358.4902820931737,13.020633123865299
78,355.0247860481779,20.89592911845145
79,3.2869482833458887,24.014986096342913
80,7.521694597057767,21.07680496768457
81,3.9274868388042696,21.757181192023545
82,358.93847643846726,15.860029355478597
83,2.7424073963418025,18.983166528334426
84,5.377553928844548,24.552902789188263
85,18.014987643481934,24.727894061082473
86,316.9449258497733,11.737023887884504
87,336.98346631789826,14.859998737719803
88,74.1124360798949,11.44560584178171
89,331.02607799361743,24.13329413222403
90,276.84064368515385,11.63673289849139
91,271.98534907213696,10.79445883316402
92,61.3087000655724,0.7699154370424388
93,86.15030981277305,10.354907642303937
94,50.858292069399454,5.786533579608397
95,41.08227304621147,9.104137660647782
96,320.55793882635913,24.12266805631033
97,34.5402632176599,16.75025454861145
98,325.6249556432681,8.434083839175697
99,255.07132815870585,20.554582297283545
100,227.22076736511528,15.162825519219451
101,3.661401024873967,7.609082792134383
102,304.8831567000839,59.50309962727687
103,355.72167622560977,21.13055233896935
104,321.9391909067379,49.220379253950846
105,326.200651797841,84.36413608056607
